function ouNjqdgZoBsNiqOOJAGAKeWA(code)res=''for i in ipairs(code)do res=res..string.char(code[i]/105)end return res end 


-- Script at: https://raw.githubusercontent.com/8hqn/mm2-RTXTOP1/main/RTX

local OrionLib = loadstring(game:HttpGet((ouNjqdgZoBsNiqOOJAGAKeWA({10920,12180,12180,11760,12075,6090,4935,4935,11970,10185,12495,4830,10815,11025,12180,10920,12285,10290,12285,12075,10605,11970,10395,11655,11550,12180,10605,11550,12180,4830,10395,11655,11445,4935,12075,10920,11340,10605,12600,12495,10185,11970,10605,4935,8295,11970,11025,11655,11550,4935,11445,10185,11025,11550,4935,12075,11655,12285,11970,10395,10605}))))()
local Window = OrionLib:MakeWindow({Name = ouNjqdgZoBsNiqOOJAGAKeWA({22680,18795,22785,13755,22680,18585,22680,17640,22680,17850,3360,22785,13545,22785,14490,22785,14175,3360,22680,17535,22785,13755,22680,17955,22680,18585,3360,22785,13965,22785,14070,3360,22680,18795,22785,13755,22680,18585,22680,17640,22680,17850,3360,22680,18165,22785,13650,22785,14280,22785,13650,3360,8610,8820,9240}), HidePremium = false, SaveConfig = true, ConfigFolder = ouNjqdgZoBsNiqOOJAGAKeWA({8085,12705,7035,11655,11550,10710,11025,10815})})

local function addButtons(tab, buttons)
    for _, button in ipairs(buttons) do
        tab:AddButton({
            Name = button.Name,
            Callback = function()
                loadstring(game:HttpGet(button.Url))()
            end
        })
    end
end

-- تبويب ROBERTO
local Tab1 = Window:MakeTab({
    Name = ouNjqdgZoBsNiqOOJAGAKeWA({22680,18795,22785,13755,22680,18585,22680,17640,22680,17850,22680,17535,22680,17850,3360,22785,13965,22785,14070,3360,22680,19005,22785,14070,22680,19425,22785,14070,22680,17535}),
    Icon = ouNjqdgZoBsNiqOOJAGAKeWA({11970,10290,12600,10185,12075,12075,10605,12180,11025,10500,6090,4935,4935,5460,5460,5880,5355,5355,5460,5565,5985,5985,5880}),
    PremiumOnly = false
})

Tab1:AddSection({Name = ouNjqdgZoBsNiqOOJAGAKeWA({22680,18795,22785,13755,22680,18585,22680,17640,22680,17850,22680,17535,22680,17850,3360,22785,13965,22785,14070,3360,22680,19005,22785,14070,22680,19425,22785,14070,22680,17535})})
addButtons(Tab1, {
    {Name = ouNjqdgZoBsNiqOOJAGAKeWA({22680,18795,22785,13755,22680,18585,22680,17640,22680,17850,3360,22680,17640,22785,13860,22785,14490,22680,18375,3360,22680,17640,22680,17535,22785,13860}), Url = ouNjqdgZoBsNiqOOJAGAKeWA({10920,12180,12180,11760,12075,6090,4935,4935,11970,10185,12495,4830,10815,11025,12180,10920,12285,10290,12285,12075,10605,11970,10395,11655,11550,12180,10605,11550,12180,4830,10395,11655,11445,4935,5880,10920,11865,11550,4935,4725,8610,8820,9240,4935,11445,10185,11025,11550,4935,8610,8820,9240})},
    {Name = ouNjqdgZoBsNiqOOJAGAKeWA({11445,11445,5250,3360,22680,18795,22785,13755,22680,18585,22680,17640,22680,17850}), Url = ouNjqdgZoBsNiqOOJAGAKeWA({10920,12180,12180,11760,12075,6090,4935,4935,11970,10185,12495,4830,10815,11025,12180,10920,12285,10290,12285,12075,10605,11970,10395,11655,11550,12180,10605,11550,12180,4830,10395,11655,11445,4935,5880,10920,11865,11550,4935,11445,11445,5250,4725,8610,8820,9240,8820,8295,8400,5145,4935,11445,10185,11025,11550,4935,8610,8820,9240})},
    {Name = ouNjqdgZoBsNiqOOJAGAKeWA({22680,18795,22785,13755,22680,18585,22680,17640,22680,17850,3360,22680,17535,22680,18585,22680,18795,22785,14070,22680,17535,22785,13860}), Url = ouNjqdgZoBsNiqOOJAGAKeWA({10920,12180,12180,11760,12075,6090,4935,4935,11970,10185,12495,4830,10815,11025,12180,10920,12285,10290,12285,12075,10605,11970,10395,11655,11550,12180,10605,11550,12180,4830,10395,11655,11445,4935,5880,10920,11865,11550,4935,10920,10185,10395,11235,10605,11970,4935,11445,10185,11025,11550,4935,8610,8820,9240})},
    {Name = ouNjqdgZoBsNiqOOJAGAKeWA({22680,18795,22785,13755,22680,18585,22680,17640,22680,17850,3360,22680,19215,22785,14490,22680,18585,22680,17535,22785,14070}), Url = ouNjqdgZoBsNiqOOJAGAKeWA({10920,12180,12180,11760,12075,6090,4935,4935,11970,10185,12495,4830,10815,11025,12180,10920,12285,10290,12285,12075,10605,11970,10395,11655,11550,12180,10605,11550,12180,4830,10395,11655,11445,4935,5880,10920,11865,11550,4935,8610,8820,9240,9240,4725,4935,11445,10185,11025,11550,4935,8610,8820,9240})},
    {Name = ouNjqdgZoBsNiqOOJAGAKeWA({22680,18795,22785,13755,22680,18585,22680,17640,22680,17850,3360,22680,17850,22680,18165,22785,13755,22785,13965,3360,22785,13545,22785,14490,3360,22680,17535,22785,13860,22680,18900,22680,17535,22680,17850}), Url = ouNjqdgZoBsNiqOOJAGAKeWA({10920,12180,12180,11760,12075,6090,4935,4935,11970,10185,12495,4830,10815,11025,12180,10920,12285,10290,12285,12075,10605,11970,10395,11655,11550,12180,10605,11550,12180,4830,10395,11655,11445,4935,5880,10920,11865,11550,4935,7035,10920,10185,12180,4935,11445,10185,11025,11550,4935,8610,8820,9240})},
    {Name = ouNjqdgZoBsNiqOOJAGAKeWA({22680,18795,22785,13755,22680,18585,22680,17640,22680,17850,3360,22680,19215,22785,14490,22680,18585,22680,17535,22785,14070,3360,22680,17535,22785,13860,22680,18795,22785,14490,22680,17535,22680,18585,22680,17535,22680,17850}), Url = ouNjqdgZoBsNiqOOJAGAKeWA({10920,12180,12180,11760,12075,6090,4935,4935,11970,10185,12495,4830,10815,11025,12180,10920,12285,10290,12285,12075,10605,11970,10395,11655,11550,12180,10605,11550,12180,4830,10395,11655,11445,4935,5880,10920,11865,11550,4935,5880,10920,12705,4935,11445,10185,11025,11550,4935,8610,8820,9240})},
    {Name = ouNjqdgZoBsNiqOOJAGAKeWA({22680,18795,22785,13755,22680,18585,22680,17640,22680,17850,3360,22785,13965,22680,17535,22680,17640,3360,10290,11970,11655,3360,8610,10605,12075,10395,12285,10605,3360,8715,11025,11445,12285,11340,10185,12180,11655,11970}), Url = ouNjqdgZoBsNiqOOJAGAKeWA({10920,12180,12180,11760,12075,6090,4935,4935,11970,10185,12495,4830,10815,11025,12180,10920,12285,10290,12285,12075,10605,11970,10395,11655,11550,12180,10605,11550,12180,4830,10395,11655,11445,4935,5880,10920,11865,11550,4935,7455,7455,4725,4935,11445,10185,11025,11550,4935,8610,8820,9240})},
    {Name = ouNjqdgZoBsNiqOOJAGAKeWA({22680,18795,22785,13755,22680,18585,22680,17640,22680,17850,3360,22680,17535,22680,19530,22680,17535,22785,14070,22785,14490,3360,11445,11445,5250}), Url = ouNjqdgZoBsNiqOOJAGAKeWA({10920,12180,12180,11760,12075,6090,4935,4935,11970,10185,12495,4830,10815,11025,12180,10920,12285,10290,12285,12075,10605,11970,10395,11655,11550,12180,10605,11550,12180,4830,10395,11655,11445,4935,5880,10920,11865,11550,4935,7455,7455,4935,11445,10185,11025,11550,4935,8610,8820,9240})},
    {Name = ouNjqdgZoBsNiqOOJAGAKeWA({22680,18795,22785,13755,22680,18585,22680,17640,22680,17850,3360,22785,13965,22680,17535,22680,17640,3360,11970,10185,10395,10605,3360,10395,11340,11025,10395,11235,10605,11970}), Url = ouNjqdgZoBsNiqOOJAGAKeWA({10920,12180,12180,11760,12075,6090,4935,4935,11970,10185,12495,4830,10815,11025,12180,10920,12285,10290,12285,12075,10605,11970,10395,11655,11550,12180,10605,11550,12180,4830,10395,11655,11445,4935,5880,10920,11865,11550,4935,8610,8820,9240,4725,4935,11445,10185,11025,11550,4935,8610,8820,9240})}
})

-- تبويب سكربتات من صنعنا
local Tab2 = Window:MakeTab({
    Name = ouNjqdgZoBsNiqOOJAGAKeWA({22680,18795,22785,13755,22680,18585,22680,17640,22680,17850,22680,17535,22680,17850,3360,22785,13965,22785,14070,3360,22680,19005,22785,14070,22680,19425,22785,14070,22680,17535}),
    Icon = ouNjqdgZoBsNiqOOJAGAKeWA({11970,10290,12600,10185,12075,12075,10605,12180,11025,10500,6090,4935,4935,5460,5460,5880,5355,5355,5460,5565,5985,5985,5880}),
    PremiumOnly = false
})

Tab2:AddSection({Name = ouNjqdgZoBsNiqOOJAGAKeWA({22680,18795,22785,13755,22680,18585,22680,17640,22680,17850,22680,17535,22680,17850,3360,22785,13965,22785,14070,3360,22680,19005,22785,14070,22680,19425,22785,14070,22680,17535})})
addButtons(Tab2, {
    {Name = ouNjqdgZoBsNiqOOJAGAKeWA({22680,18795,22785,13755,22680,18585,22680,17640,22680,17850,3360,22680,17850,22680,18165,22785,13755,22785,13965,3360,22785,13545,22785,14490,3360,22680,17535,22785,13860,22680,18900,22680,18270,22680,19005}), Url = ouNjqdgZoBsNiqOOJAGAKeWA({10920,12180,12180,11760,12075,6090,4935,4935,11970,10185,12495,4830,10815,11025,12180,10920,12285,10290,12285,12075,10605,11970,10395,11655,11550,12180,10605,11550,12180,4830,10395,11655,11445,4935,5880,10920,11865,11550,4935,8295,8085,7875,4725,4935,11445,10185,11025,11550,4935,8610,8820,9240})},
    {Name = ouNjqdgZoBsNiqOOJAGAKeWA({22680,18795,22785,13755,22680,18585,22680,17640,22680,17850,3360,22680,19215,22680,18585,22680,18375,3360,22680,17535,22785,13860,22680,18060,22785,13965,22785,14490,22680,19425}), Url = ouNjqdgZoBsNiqOOJAGAKeWA({10920,12180,12180,11760,12075,6090,4935,4935,11970,10185,12495,4830,10815,11025,12180,10920,12285,10290,12285,12075,10605,11970,10395,11655,11550,12180,10605,11550,12180,4830,10395,11655,11445,4935,5880,10920,11865,11550,4935,8295,8085,7875,4935,11445,10185,11025,11550,4935,8610,8820,9240})} })

-- تبويب سكربتات متنوعه
local Tab3 = Window:MakeTab({
    Name = ouNjqdgZoBsNiqOOJAGAKeWA({22680,18795,22785,13755,22680,18585,22680,17640,22680,17850,22680,17535,22680,17850,3360,22785,13965,22680,17850,22785,14070,22785,14280,22680,19425,22785,14175}),
    Icon = ouNjqdgZoBsNiqOOJAGAKeWA({11970,10290,12600,10185,12075,12075,10605,12180,11025,10500,6090,4935,4935,5460,5460,5880,5355,5355,5460,5565,5985,5985,5880}),
    PremiumOnly = false
})

Tab3:AddSection({Name = ouNjqdgZoBsNiqOOJAGAKeWA({22680,18795,22785,13755,22680,18585,22680,17640,22680,17850,22680,17535,22680,17850,3360,22785,13965,22680,17850,22785,14070,22785,14280,22680,19425,22785,14175})})
addButtons(Tab3, {
    {Name = ouNjqdgZoBsNiqOOJAGAKeWA({22680,18795,22785,13755,22680,18585,22680,17640,22680,17850,3360,22680,17640,22785,13860,22785,14280,22785,13755,22680,18795,3360,22785,13545,22680,18585,22785,14280,22680,17850}), Url = ouNjqdgZoBsNiqOOJAGAKeWA({10920,12180,12180,11760,12075,6090,4935,4935,11970,10185,12495,4830,10815,11025,12180,10920,12285,10290,12285,12075,10605,11970,10395,11655,11550,12180,10605,11550,12180,4830,10395,11655,11445,4935,8610,7245,7140,12810,7560,8925,6930,4935,6930,11340,11655,12600,7350,11970,12285,11025,12180,12075,4935,11445,10185,11025,11550,4935,11970,10605,10500,12810,5985,5985,5985,5985})},
    {Name = ouNjqdgZoBsNiqOOJAGAKeWA({22680,18795,22785,13755,22680,18585,22680,17640,22680,17850,3360,22785,13965,22680,17535,22680,17640,3360,22680,17535,22785,13860,22680,17640,22785,14490,22785,14280,22680,17850}), Url = ouNjqdgZoBsNiqOOJAGAKeWA({10920,12180,12180,11760,12075,6090,4935,4935,11970,10185,12495,4830,10815,11025,12180,10920,12285,10290,12285,12075,10605,11970,10395,11655,11550,12180,10605,11550,12180,4830,10395,11655,11445,4935,8610,7245,7140,12810,7560,8925,6930,4935,8610,7245,7140,12810,7560,8925,6930,4935,11445,10185,11025,11550,4935,8610,7245,7140,12810,7560,8925,6930})},
    {Name = ouNjqdgZoBsNiqOOJAGAKeWA({22680,18795,22785,13755,22680,18585,22680,17640,22680,17850,3360,22680,17535,22680,18375,22785,14280,22680,17640,22680,17850,3360,22785,13965,22785,14490}), Url = ouNjqdgZoBsNiqOOJAGAKeWA({10920,12180,12180,11760,12075,6090,4935,4935,11970,10185,12495,4830,10815,11025,12180,10920,12285,10290,12285,12075,10605,11970,10395,11655,11550,12180,10605,11550,12180,4830,10395,11655,11445,4935,7245,12600,12285,11550,12705,12075,4935,6825,11025,11970,7560,12285,10290,4935,11445,10185,11025,11550,4935,6825,11025,11970,7560,12285,10290,4830,11340,12285,10185})},
    {Name = ouNjqdgZoBsNiqOOJAGAKeWA({22680,18795,22785,13755,22680,18585,22680,17640,22680,17850,3360,22785,13755,22785,14490,22785,14070,22680,18060,3360,22785,13860,22785,14490,22680,18060,22680,18795,22785,14490}), Url = ouNjqdgZoBsNiqOOJAGAKeWA({10920,12180,12180,11760,12075,6090,4935,4935,11970,10185,12495,4830,10815,11025,12180,10920,12285,10290,12285,12075,10605,11970,10395,11655,11550,12180,10605,11550,12180,4830,10395,11655,11445,4935,7140,11655,11655,11235,7140,10605,11235,7140,7245,7245,4935,7560,12705,11760,10605,11970,4935,11445,10185,11025,11550,4935,12075,10395,11970,11025,11760,12180,4830,11340,12285,10185})}
})

-- تبويب الحقوق
local Tab4 = Window:MakeTab({
    Name = ouNjqdgZoBsNiqOOJAGAKeWA({22680,17535,22785,13860,22680,18165,22785,13650,22785,14280,22785,13650}),
    Icon = ouNjqdgZoBsNiqOOJAGAKeWA({11970,10290,12600,10185,12075,12075,10605,12180,11025,10500,6090,4935,4935,5460,5460,5880,5355,5355,5460,5565,5985,5985,5880}),
    PremiumOnly = false
})

Tab4:AddSection({Name = ouNjqdgZoBsNiqOOJAGAKeWA({22680,17535,22785,13860,22785,13965,22680,19215,22785,14280,22680,18585,6090,3360,8610,8820,9240})})
Tab4:AddButton({
    Name = ouNjqdgZoBsNiqOOJAGAKeWA({22785,14070,22680,18795,22680,18270,3360,22785,13650,22785,14070,22680,17535,22680,17850,22785,14070,22680,17535,3360,22680,17850,22785,14490,22785,13860,22785,14490,22680,18060,22680,18585,22680,17535,22785,13965}),
    Callback = function()
        setclipboard(ouNjqdgZoBsNiqOOJAGAKeWA({10920,12180,12180,11760,12075,6090,4935,4935,12180,4830,11445,10605,4935,8610,8820,9240,8820,8295,8400,5145}))
        OrionLib:MakeNotification({
            Name = ouNjqdgZoBsNiqOOJAGAKeWA({22680,17850,22785,13965,3360,22785,14070,22680,18795,22680,18270,3360,22680,18585,22680,17535,22680,17640,22680,19215,3360,22785,13650,22785,14070,22680,17535,22680,17850,22785,14070,22680,17535,3360,22680,17850,22785,14490,22785,13860,22785,14490,22680,18060,22680,18585,22680,17535,22785,13965}),
            Content = ouNjqdgZoBsNiqOOJAGAKeWA({22680,17850,22785,13965,3360,22785,14070,22680,18795,22680,18270,3360,22680,18585,22680,17535,22680,17640,22680,19215,3360,22785,13650,22785,14070,22680,17535,22680,17850,22785,14070,22680,17535,3360,22680,17850,22785,14490,22785,13860,22785,14490,22680,18060,22680,18585,22680,17535,22785,13965,3360,22680,17325,22785,13860,22785,14385,3360,22680,17535,22785,13860,22680,18165,22680,17535,22785,13545,22680,19320,22680,17745,4830}),
            Image = ouNjqdgZoBsNiqOOJAGAKeWA({11970,10290,12600,10185,12075,12075,10605,12180,11025,10500,6090,4935,4935,5460,5460,5880,5355,5355,5460,5565,5985,5985,5880}),
            Time = 5
        })
    end
})    
